"Earned Mark Analysis ",,,"WDS:511",,"Fall 2019",,,,#2019-09-23#,,
"STUDENT NAME",,"Aidan Johnson",,,,,,,,,
"Predicted Mark",,,81.1,"B+/A-/A",,"Planned GPA",,84.57,"B+/A-/A",,
"Tracked  (To-date) GPA",,,85.002,"A-/A/A+",,"Desired GPA",,85.002,"A-/A/A+",,
,,,,,,,,,,,
,,,,,,,,,,,
"PLACE COMMENTS HERE",,,,,,,,,,,
,,,,,,,,,,,
,,,,,,,,,,,
,,,,,,,,,,,
""
""
"Post Lab 1 Quiz EMA",,,,"DUE",#2019-10-15#,,,,,,
"WDS:511",,,,,,,,,,,
,,,,,,,,"C:\Users\aidan\OneDrive - University of Calgary\ENCM511_Fall2019","\PostQuiz1_EMA.csv",,
"PLACE COMMENTS HERE",,,,,,,,,,,
,,,,,,,,,,,
,,,,,,,,,,,
,,,,,,,,,,,
,,,,,,,,,,,
,"Post evaluation of",,"Q1","Q2","Q3","Q4","Q5","Q6","Q7","Q8","Q9"
,"Quiz 1 Mark",,,,,,,,,,
""
""
"Course Components","Approximate Completion Date","Course Percentage","Bonus Percentage","2017 Rough class average","Predicted Mark","Course Acculumative","Last year's Component Grade","Last'Year's Accumulative Grade","Predicted Component Grade","Predicted Accumulative Grade","Predicted GPA","Planned mark","Planned Component Grade","Planned Accumulative Grade","Planned GPA","Tracked Mark","Tracket Component Grade","Trackled Accumulative Grade","Tracked  (To-date) GPA","Desired Mark","Desired Component Grade","Desired Accumulative Grade","Desired GPA","Show Question Marks"
"PreLab 0 Report/Demo",#2019-09-20#,1.5,0,80,96,1.5,1.2,1.2,1.44,1.44,"A+",100,1.5,1.5,"A+",100,1.5,1.5,"A+","????",1.5,1.5,"A+","????"
"Initial EMA Submit",#2019-10-02#,2,0,75,86.25,3.5,1.5,2.7,1.725,3.165,"A-/A/A+",100,2,3.5,"A+",100,2,3.5,"A+","????",2,3.5,"A+","????"
"Lab 0 Demo",#2019-10-02#,1.6,0,80,96,5.1,1.28,3.98,1.536,4.701,"A+",100,1.6,5.1,"A+","????",1.6,5.1,"A+","????",1.6,5.1,"A+","????"
"Quiz 1",#2019-10-14#,4,0,65,71.5,9.1,2.6,6.58,2.86,7.561,"C/C+/B-",75,3,8.1,"B-/B/B+",83.3,3.332,8.432,"B+/A-/A","????",3.332,8.432,"B+/A-/A","????"
"In Quiz 1 prediction",#2019-10-14#,0,.5,.001,.00115,9.1,0,6.58,0,7.561,0,80,.4,8.5,"B/B+/A-",100,.5,8.932,"A+","????",.5,8.932,"A+","????"
"Post Quiz 1 EMA Submit",#2019-10-15#,0,.5,.001,.00115,9.1,0,6.58,0,7.561,0,80,.4,8.9,"B/B+/A-","????",.4,9.332,"B/B+/A-","????",.4,9.332,"B/B+/A-","????"
"Lab 1 Demo",#2019-10-16#,4,0,80,96,13.1,3.2,9.78,3.84,11.401,"A+",100,4,12.9,"A+","????",4,13.332,"A+","????",4,13.332,"A+","????"
"Assignment 1",#2019-10-20#,3,0,80,92,16.1,2.4,12.18,2.76,14.161,"A+",90,2.7,15.6,"A/A+","????",2.7,16.032,"A/A+","????",2.7,16.032,"A/A+","????"
"Assign 1 Early Bonus",#2019-10-20#,0,.5,.001,.00115,16.1,0,12.18,0,14.161,0,100,.5,16.1,"A+","????",.5,16.532,"A+","????",.5,16.532,"A+","????"
"Assignment 2",#2019-10-29#,4,0,75,86.25,20.1,3,15.18,3.45,17.611,"A-/A/A+",90,3.6,19.7,"A/A+","????",3.6,20.132,"A/A+","????",3.6,20.132,"A/A+","????"
"Lab 2 Demo",#2019-10-30#,4,0,80,96,24.1,3.2,18.38,3.84,21.451,"A+",100,4,23.7,"A+","????",4,24.132,"A+","????",4,24.132,"A+","????"
"Lab  2 Report",#2019-10-30#,2.25,0,80,96,26.35,1.8,20.18,2.16,23.611,"A+",90,2.025,25.725,"A/A+","????",2.025,26.157,"A/A+","????",2.025,26.157,"A/A+","????"
"Assign 2 Early Bonus",#2019-10-30#,0,.5,.001,.00115,26.35,0,20.18,0,23.611,0,80,.4,26.125,"B/B+/A-","????",.4,26.557,"B/B+/A-","????",.4,26.557,"B/B+/A-","????"
"Midterm",#2019-10-31#,17,0,65,71.5,43.35,11.05,31.23,12.155,35.766,"C/C+/B-",75,12.75,38.875,"B-/B/B+","????",12.75,39.307,"B-/B/B+","????",12.75,39.307,"B-/B/B+","????"
"In Midterm prediction",#2019-10-31#,0,.5,.001,.00115,43.35,0,31.23,0,35.766,0,80,.4,39.275,"B/B+/A-","????",.4,39.707,"B/B+/A-","????",.4,39.707,"B/B+/A-","????"
"Post Midterm EMA Submit",#2019-11-02#,0,.5,.001,.00115,43.35,0,31.23,0,35.766,0,70,.35,39.625,"C/C+/B-","????",.35,40.057,"C/C+/B-","????",.35,40.057,"C/C+/B-","????"
"Post Quiz 3 EMASubmit",#2019-11-20#,0,.5,.001,.00115,43.35,0,31.23,0,35.766,0,80,.4,40.025,"B/B+/A-","????",.4,40.457,"B/B+/A-","????",.4,40.457,"B/B+/A-","????"
"Lab 3 Demo",#2019-11-20#,2.4,0,80,96,45.75,1.92,33.15,2.304,38.07,"A+",80,1.92,41.945,"B/B+/A-","????",1.92,42.377,"B/B+/A-","????",1.92,42.377,"B/B+/A-","????"
"Quiz 3",#2019-11-22#,4,0,65,71.5,49.75,2.6,35.75,2.86,40.93,"C/C+/B-",70,2.8,44.745,"C/C+/B-","????",2.8,45.177,"C/C+/B-","????",2.8,45.177,"C/C+/B-","????"
"In Quiz 3 prediction",#2019-11-22#,0,.5,.001,.00115,49.75,,35.75,0,40.93,0,80,.4,45.145,"B/B+/A-","????",.4,45.577,"B/B+/A-","????",.4,45.577,"B/B+/A-","????"
"Lab 4 Demo",#2019-12-03#,4,0,70,84,53.75,2.8,38.55,3.36,44.29,"B+/A-/A",80,3.2,48.345,"B/B+/A-","????",3.2,48.777,"B/B+/A-","????",3.2,48.777,"B/B+/A-","????"
"Lab 3/4 Report",#2019-12-05#,2.25,0,60,72,56,1.35,39.9,1.62,45.91,"C+/B-/B",90,2.025,50.37,"A/A+","????",2.025,50.802,"A/A+","????",2.025,50.802,"A/A+","????"
"Pre Final EMA Submit",#2019-12-10#,2,0,60,69,58,1.2,41.1,1.38,47.29,"C/C+/B-",90,1.8,52.17,"A/A+","????",1.8,52.602,"A/A+","????",1.8,52.602,"A/A+","????"
"Final Exam",#2019-12-15#,42,0,70,80.5,100,29.4,70.5,33.81,81.1,"B/B+/A-",75,31.5,83.67,"B-/B/B+","????",31.5,84.102,"B-/B/B+","????",31.5,84.102,"B-/B/B+","????"
"In Final Exam prediction",#2019-12-15#,0,1,.001,.00115,100,0,70.5,0,81.1,0,90,.9,84.57,"A/A+",,.9,85.002,0,"????",.9,85.002,0,"????"
,,,,,,100,0,70.5,0,81.1,"","",0,84.57,"",,0,85.002,"","",0,85.002,"",""
,,,,,,100,0,70.5,0,81.1,"","",0,84.57,"",,0,85.002,"","",0,85.002,"",""
,,,,,,100,0,70.5,0,81.1,"","",0,84.57,"",,0,85.002,"","",0,85.002,"",""
,,,,,,100,0,70.5,0,81.1,"","",0,84.57,"",,0,85.002,"","",0,85.002,"",""
,,,,,,100,0,70.5,0,81.1,"","",0,84.57,"",,0,85.002,"","",0,85.002,"",""
,,,,,,100,0,70.5,0,81.1,"","",0,84.57,"",,0,85.002,"","",0,85.002,"",""
,,,,,,100,0,70.5,0,81.1,"","",0,84.57,"",,0,85.002,"","",0,85.002,"",""
,,,,,,100,0,70.5,0,81.1,"","",0,84.57,"",,0,85.002,"","",0,85.002,"",""
,,,,,,100,0,70.5,0,81.1,"","",0,84.57,"",,0,85.002,"","",0,85.002,"",""
,,,,,,100,0,70.5,0,81.1,"","",0,84.57,"",,0,85.002,"","",0,85.002,"",""
,,,,,,100,0,70.5,0,81.1,"","",0,84.57,"",,0,85.002,"","",0,85.002,"",""
,,,,,,100,0,70.5,0,81.1,"","",0,84.57,"",,0,85.002,"","",0,85.002,"",""
,,,,,,100,0,70.5,0,81.1,"","",0,84.57,"",,0,85.002,"","",0,85.002,"",""
,,,,,,100,0,70.5,0,81.1,"","",0,84.57,"",,0,85.002,"","",0,85.002,"",""
,,,,,,100,0,70.5,0,81.1,"","",0,84.57,"",,0,85.002,"","",0,85.002,"",""
,,,,,,100,0,70.5,0,81.1,"","",0,84.57,"",,0,85.002,"","",0,85.002,"",""
,,,,,,100,0,70.5,0,81.1,"","",0,84.57,"",,0,85.002,"","",0,85.002,"",""
,,,,,,100,0,70.5,0,81.1,"","",0,84.57,"",,0,85.002,"","",0,85.002,"",""
,,,,,,100,0,70.5,0,81.1,"","",0,84.57,"",,0,85.002,"","",0,85.002,"",""
,,,,,,100,0,70.5,0,81.1,"","",0,84.57,"",,0,85.002,"","",0,85.002,"",""
,,,,,,100,0,70.5,0,81.1,"","",0,84.57,"",,0,85.002,"","",0,85.002,"",""
,,,,,,100,0,70.5,0,81.1,"","",0,84.57,"",,0,85.002,"","",0,85.002,"",""
,,,,,,100,0,70.5,0,81.1,"","",0,84.57,"",,0,85.002,"","",0,85.002,"",""
,,,,,,100,0,70.5,0,81.1,"","",0,84.57,"",,0,85.002,"","",0,85.002,"",""
,,,,,,100,0,70.5,0,81.1,"","",0,84.57,"",,0,85.002,"","",0,85.002,"",""
,,,,,,,"Predicted Mark",,,81.1,,"Planned Mark",,84.57,,"Tracked Mark",,85.002,,"Desired Mark",,85.002,,
,,,,,,,"Predicted Grade",,,"B+/A-/A",,"Planned Grade",,"B+/A-/A",,"Tracked Mark",,"A-/A/A+",,"Desired Mark",,"A-/A/A+",,
""
""
